3329.53368 18.937
3334.56787 19.106
3336.53952 19.235
3352.59001 19.118
3356.57829 19.271
3362.54160 19.120
3367.57169 18.864
3378.54970 18.636
3385.54864 19.109
3389.54748 19.130
3397.56075 18.790
3400.54752 19.269
3544.92396 19.297
3552.92997 18.667
3560.93404 18.977
3564.84304 18.957
3570.69781 19.282
3572.90095 19.194
3574.82710 18.921
3576.81479 19.116
3578.84977 19.178
3580.82070 19.255
3582.75635 19.043
3583.79692 19.157
3585.82067 19.321
3589.79235 18.669
3591.79820 19.217
3594.79400 18.851
3597.83606 19.073
3601.75762 19.002
3603.83321 18.855
3608.77038 18.811
3615.78352 19.165
3618.78334 19.300
3620.81764 19.084
3622.76177 18.709
3626.66353 18.754
3629.73933 18.989
3631.69564 18.630
3636.73284 18.658
3638.70750 18.942
3641.65140 19.108
3646.60605 19.158
3648.61596 18.993
3651.68457 19.256
3653.65084 19.042
3655.64628 19.231
3657.58293 18.718
3659.59830 19.139
3660.61702 19.121
3662.66359 19.134
3664.63250 19.150
3666.63092 19.076
3669.62981 19.391
3671.57086 19.016
3673.62263 18.596
3675.61741 19.131
3681.56430 18.983
3683.59468 19.254
3685.59129 19.024
3687.59625 18.473
3689.54960 19.148
3691.56661 18.717
3693.55470 19.229
3695.65424 19.039
3697.65666 18.778
3699.57544 19.114
3701.53327 18.761
3703.55242 19.242
3705.55810 18.833
3707.54387 19.333
3711.53731 19.410
3713.53925 19.081
3716.56932 19.301
3720.55778 18.631
3722.54335 19.030
3725.55210 19.030
3727.54651 19.059
3732.56762 19.126
3736.55824 19.094
3741.54882 19.162
3747.54957 18.975
3752.54737 18.940
3758.55025 18.620
3763.53942 19.281
3771.53551 18.969
3775.54098 19.022
3779.55553 19.016
3870.87691 18.697
3900.92627 19.164
3904.93986 18.804
3917.90903 18.785
3921.86896 18.934
3931.85926 18.758
3933.88984 19.115
3935.88616 19.109
3937.84285 19.396
3944.86078 19.020
3946.82510 19.421
3951.84780 19.296
3955.80893 18.830
3958.79051 18.963
3960.79089 19.387
3963.78761 18.905
3965.77947 19.195
3967.79282 19.151
3969.76330 18.866
3971.74031 19.084
3974.74284 19.108
3979.69750 19.283
3980.57816 19.046
3981.60504 18.827
3983.86656 18.916
3987.73745 18.848
3990.73476 18.980
3993.68044 19.097
3995.69742 19.034
3999.70780 19.101
4002.68552 19.313
4004.63708 18.974
4006.65684 18.794
4007.65622 19.146
4008.53539 19.040
4009.64462 18.859
4013.65968 19.210
4015.63599 18.855
4017.65795 19.081
4019.64757 18.951
4021.64085 19.171
4024.61252 18.753
4026.59309 19.218
4028.58894 18.919
4030.59823 19.157
4032.62066 18.886
4037.56269 18.812
4039.56791 19.181
4043.55168 18.578
4045.61799 19.083
4047.54593 18.815
4048.52844 19.386
4050.52683 19.146
4052.52222 18.706
4056.54777 18.786
4058.53291 19.124
4061.52748 18.597
4065.56273 18.928
4067.55936 18.959
4070.53158 18.780
4072.55853 19.297
4075.57519 19.073
4078.56567 19.196
4080.57749 19.029
4083.59968 19.065
4087.55972 19.322
4093.57702 19.234
4099.57172 18.864
4102.58113 19.585
4111.55398 19.269
4124.54821 18.962
4132.55035 18.864
4252.88490 19.253
4272.94175 19.159
4278.91299 18.833
4279.86557 19.257
4282.76804 18.768
4282.93229 19.439
4283.92326 18.813
4285.88260 19.174
4289.93904 19.248
4293.86370 19.065
4296.85539 18.886
4297.88807 18.932
4298.93007 18.613
4300.84424 18.998
4301.86246 18.884
4302.87864 18.700
4303.89586 19.268
4307.84261 18.944
4307.93321 18.808
4308.62367 19.001
4309.85280 19.308
4310.80207 19.007
4311.79039 18.632
4312.86357 19.072
4314.88369 19.184
4316.78625 18.850
4326.79660 19.374
4327.77646 19.072
4328.79230 19.161
4330.83726 18.857
4334.86523 18.970
4340.86579 18.733
4341.72892 19.131
4342.75323 18.944
4343.72233 18.822
4344.72226 18.845
4345.75018 19.330
4347.73930 18.962
4349.73095 19.229
4351.68862 19.054
4354.71976 19.371
4356.72220 19.091
4358.75178 18.804
4361.67998 18.958
4363.56141 19.198
4367.64534 18.848
4371.66124 18.826
4377.69373 18.920
4379.60642 19.095
4380.69934 18.970
4381.71687 18.745
4384.67663 19.158
4387.69165 19.135
4390.63152 18.802
4392.65568 19.387
4395.61635 18.688
4397.67753 19.222
4399.71152 19.293
4403.61596 18.987
4408.61932 18.996
4411.63181 19.262
4416.64613 19.266
4421.58987 19.151
4424.64668 18.776
4426.60766 19.226
4428.54689 18.772
4430.58534 19.424
4432.59334 18.902
4434.59830 19.056
4436.57463 18.978
4438.59637 19.140
4440.57083 19.250
4442.55010 18.718
4450.58581 19.229
4453.54177 19.206
4456.54310 18.661
4463.55425 19.274
4474.59261 18.915
4480.57305 18.734
4482.58165 18.978
4486.58239 19.292
4490.59299 18.758
4609.85140 19.138
4628.94598 19.256
4638.91560 18.967
4652.89110 19.089
4662.75530 18.765
4663.70484 19.228
4664.72165 19.062
4665.78205 19.179
4666.86972 19.128
4670.86412 19.120
4671.86836 19.124
4672.83846 18.732
4675.84480 19.200
4681.83568 18.917
4684.84540 19.181
4685.81702 19.018
4687.85253 18.762
4689.72575 18.940
4690.69339 18.743
4691.69596 19.402
4693.85142 19.303
4696.77321 18.941
4698.71327 18.988
4700.74465 18.680
4701.69903 19.253
4702.71178 19.109
4703.70919 18.971
4704.72811 18.825
4705.69091 19.270
4708.79621 19.285
4710.70910 19.273
4716.71296 19.197
4719.70535 18.845
4725.68119 19.219
4728.70123 18.755
4731.69963 19.040
4734.68584 19.261
4743.66141 19.303
4748.65341 19.254
4750.65503 19.088
4754.61198 19.072
4756.62124 18.678
4758.60171 19.177
4760.58844 18.870
4762.56474 19.056
4766.56137 19.426
4768.69257 19.200
4771.64423 19.331
4773.59478 19.052
4775.61924 18.649
4776.63853 19.167
4778.64894 19.065
4781.54176 19.157
4782.61207 19.189
4785.55612 19.308
4786.59598 19.198
4788.57038 18.956
4790.55244 19.130
4792.52821 18.927
4794.53193 19.179
4796.58130 19.144
4798.54780 18.701
4800.54178 19.144
4802.56994 18.942
4804.54102 19.208
4806.57836 19.077
4808.60831 18.701
4810.53856 19.214
4812.55843 18.695
4814.54810 19.289
4817.54760 18.665
4819.54147 19.228
4821.59772 18.970
4823.56767 19.261
4825.58795 19.194
4832.54460 19.262
4834.57156 18.937
4836.57950 18.783
4838.55226 19.059
4842.55734 19.070
4844.55804 19.078
4847.61308 19.335
4849.56391 18.980
4853.56146 19.116
4854.56497 18.974
4864.56170 18.835
